330,1154.1519775390625
331,1157.16845703125
332,1173.0645751953125
333,1178.8438720703125
334,1160.7799072265625
335,1181.53759765625
336,1161.52392578125
337,1179.589599609375
338,1153.46240234375
339,1150.858154296875
340,1170.4503173828125
341,1172.0185546875
342,1157.722412109375
343,1157.1180419921875
344,1181.411376953125
345,1156.1011962890625
346,1157.8392333984375
347,1161.0826416015625
348,1170.933837890625
349,1170.61279296875
350,1168.50830078125
351,1161.742431640625
352,1162.1380615234375
353,1168.5943603515625
354,1158.31103515625
355,1163.59619140625
356,1175.1875
357,1168.9951171875
358,1185.589111328125
359,1173.3555908203125
360,1184.3349609375
361,1174.2850341796875
362,1159.10595703125
363,1172.1092529296875
364,1162.9384765625
365,1170.9759521484375
366,1147.0855712890625
367,1158.6956787109375
368,1161.7369384765625
369,1174.8779296875
370,1170.5059814453125
371,1168.718505859375
372,1170.109375
373,1154.0853271484375
374,1179.4169921875
375,1160.4776611328125
376,1174.7220458984375
377,1161.891357421875
378,1168.0836181640625
379,1166.2030029296875
380,1159.5008544921875
381,1181.6231689453125
382,1171.826904296875
383,1180.2005615234375
384,1167.95166015625
385,1163.25
386,1159.93603515625
387,1179.486572265625
388,1152.5413818359375
389,1160.677001953125
390,1178.2572021484375
391,1157.2509765625
392,1158.695556640625
393,1179.6658935546875
394,1163.855712890625
395,1135.9332275390625
396,1154.7490234375
397,1161.9998779296875
398,1168.28564453125
399,1181.4432373046875
400,1185.6114501953125
401,1168.87890625
402,1164.614013671875
403,1163.539306640625
404,1160.6561279296875
405,1143.143798828125
406,1154.3087158203125
407,1176.1114501953125
408,1161.888427734375
409,1164.0360107421875
410,1173.30126953125
411,1176.1424560546875
412,1162.172119140625
413,1156.8277587890625
414,1170.619384765625
415,1175.5721435546875
416,1161.7301025390625
417,1161.23828125
418,1135.5673828125
419,1184.375244140625
420,1160.094482421875
421,1148.830810546875
422,1163.984130859375
423,1163.635986328125
424,1171.2855224609375
425,1175.76611328125
426,1166.964599609375
427,1161.2979736328125
428,1165.78857421875
429,1170.8551025390625
430,1161.334716796875
431,1166.791259765625
432,1174.0213623046875
433,1174.6634521484375
434,1154.118408203125
435,1185.0625
436,1176.3458251953125
437,1170.3787841796875
438,1173.35009765625
439,1169.6611328125
440,1163.5054931640625
441,1174.9183349609375
442,1175.0699462890625
443,1174.5423583984375
444,1178.9775390625
445,1172.995361328125
446,1160.0985107421875
447,1172.791748046875
448,1182.505615234375
449,1165.77001953125
450,1161.2347412109375
451,1178.908203125
452,1176.2633056640625
453,1168.2318115234375
454,1174.989990234375
455,1168.162353515625
456,1183.8758544921875
457,1150.6075439453125
458,1163.7733154296875
459,1151.462646484375
460,1182.71728515625
461,1162.20361328125
462,1185.72119140625
463,1188.9583740234375
464,1164.6165771484375
465,1153.5086669921875
466,1167.0859375
467,1162.0025634765625
468,1163.892578125
469,1167.935302734375
470,1167.3433837890625
471,1160.2550048828125
472,1153.2479248046875
473,1166.5870361328125
474,1172.7640380859375
475,1175.7001953125
476,1153.362548828125
477,1168.6068115234375
478,1157.924072265625
479,1153.2344970703125
480,1169.1998291015625
481,1167.4248046875
482,1173.8231201171875
483,1179.6458740234375
484,1147.8690185546875
485,1156.142822265625
486,1149.6065673828125
487,1171.4693603515625
488,1165.52490234375
489,1181.6324462890625
490,1167.219482421875
491,1177.5164794921875
492,1170.9068603515625
493,1172.3568115234375
494,1153.77587890625
495,1144.2474365234375
496,1131.7587890625
497,1147.57080078125
498,1144.826904296875
499,1155.2174072265625
500,1157.1275634765625
501,1137.7862548828125
502,1168.3907470703125
503,1139.11376953125
504,1145.121337890625
505,1153.0367431640625
506,1151.7120361328125
507,1151.4678955078125
508,1137.314453125
509,1136.0784912109375
510,1139.03076171875
511,1151.064697265625
512,1165.180419921875
513,1146.9451904296875
514,1152.2813720703125
515,1160.03173828125
516,1150.4202880859375
517,1168.605224609375
518,1151.133056640625
519,1148.1033935546875
520,1157.7945556640625
521,1145.0362548828125
522,1151.135009765625
523,1160.9827880859375
524,1153.754638671875
525,1150.9390869140625
526,1157.2520751953125
527,1155.34423828125
528,1142.7022705078125
529,1141.459716796875
530,1137.362548828125
531,1154.2506103515625
532,1157.9814453125
533,1185.5440673828125
534,1138.088134765625
535,1134.3115234375
536,1132.958251953125
537,1149.2242431640625
538,1120.1734619140625
539,1169.2830810546875
540,1139.3538818359375
541,1156.306396484375
542,1155.66845703125
543,1146.6859130859375
544,1159.9822998046875
545,1157.4974365234375
546,1156.9276123046875
547,1171.2767333984375
548,1134.55126953125
549,1116.7176513671875
550,1154.01416015625
551,1171.0006103515625
552,1150.0506591796875
553,1133.0389404296875
554,1147.6907958984375
555,1169.5224609375
556,1169.5650634765625
557,1159.075439453125
558,1144.9229736328125
559,1141.146484375
560,1145.853759765625
561,1149.560546875
562,1155.3021240234375
563,1152.2255859375
564,1155.3497314453125
565,1170.419189453125
566,1160.8834228515625
567,1164.478759765625
568,1164.304443359375
569,1148.4683837890625
570,1144.677734375
571,1146.0611572265625
572,1168.6134033203125
573,1176.8851318359375
574,1155.0484619140625
575,1147.6680908203125
576,1130.692626953125
577,1161.75146484375
578,1170.2926025390625
579,1152.877197265625
580,1155.137939453125
581,1141.260009765625
582,1160.256103515625
583,1159.5615234375
584,1147.9091796875
585,1139.847900390625
586,1129.7783203125
587,1132.03076171875
588,1136.0927734375
589,1141.4947509765625
590,1160.908935546875
591,1164.611083984375
592,1152.0491943359375
593,1135.7550048828125
594,1113.854248046875
595,1133.4061279296875
596,1146.2789306640625
597,1137.9873046875
598,1132.8173828125
599,1149.1451416015625
600,1130.67333984375
601,1135.323486328125
602,1124.55908203125
603,1141.142333984375
604,1129.19140625
605,1132.9339599609375
606,1135.116943359375
607,1141.77294921875
608,1137.4158935546875
609,1127.2962646484375
610,1143.3992919921875
611,1149.0411376953125
612,1138.2550048828125
613,1133.9356689453125
614,1127.3154296875
615,1123.0281982421875
616,1124.8759765625
617,1132.80322265625
618,1104.2369384765625
619,1115.0401611328125
620,1106.888427734375
621,1120.1348876953125
622,1111.8402099609375
623,1115.4173583984375
624,1109.5396728515625
625,1093.5074462890625
626,1099.9808349609375
627,1080.4476318359375
628,1004.87646484375
629,992.5252075195312
630,1005.372314453125
631,1014.4600219726562
632,991.73583984375
633,995.09130859375
634,996.6571655273438
635,1004.8836669921875
636,990.8890991210938
637,987.2452392578125
638,1004.7705078125
639,1026.2635498046875
640,1032.0830078125
641,1026.0216064453125
642,1015.78759765625
643,1009.499755859375
644,1053.2745361328125
645,1070.5975341796875
646,1099.119140625
647,1061.7657470703125
648,1057.4683837890625
649,1094.5545654296875
650,1094.1202392578125
651,1087.7989501953125
652,1088.6595458984375
653,1083.0439453125
654,1090.7811279296875
655,1124.280517578125
656,1144.815185546875
657,1138.002685546875
658,1125.1868896484375
659,1134.7071533203125
660,1122.6802978515625
661,1139.011962890625
662,1097.943359375
663,1109.2091064453125
664,1105.429443359375
665,1104.0040283203125
666,1112.3834228515625
667,1122.5870361328125
668,1129.0609130859375
669,1101.824951171875
670,1093.396484375
671,1127.3507080078125
672,1143.0457763671875
673,1098.510986328125
674,1121.657958984375
675,1116.0819091796875
676,1116.484375
677,1123.755859375
678,1114.8560791015625
679,1114.1400146484375
680,1136.3375244140625
681,1110.4459228515625
682,1095.0635986328125
683,1125.0794677734375
684,1122.2548828125
685,1113.9591064453125
686,1114.9747314453125
687,1110.664794921875
688,1119.425537109375
689,1124.4168701171875
690,1107.6173095703125
691,1096.8487548828125
692,1113.4432373046875
693,1110.29931640625
694,1123.4296875
695,1096.1552734375
696,1104.44970703125
697,1106.501953125
698,1119.8131103515625
699,1126.0078125
700,1122.2235107421875
701,1122.8734130859375
702,1124.5390625
703,1137.9962158203125
704,1131.4891357421875
705,1111.035888671875
706,1123.9481201171875
707,1136.510498046875
708,1123.2158203125
709,1115.832275390625
710,1123.8837890625
711,1127.4307861328125
712,1121.8380126953125
713,1117.172119140625
714,1098.1280517578125
715,1138.3299560546875
716,1137.09765625
717,1146.221435546875
718,1142.5274658203125
719,1128.9344482421875
720,1120.419189453125
721,1122.0728759765625
722,1130.075927734375
723,1125.0833740234375
724,1098.9637451171875
725,1106.7874755859375
726,1115.748046875
727,1124.1759033203125
728,1132.821533203125
729,1119.48681640625
730,1098.659423828125
731,1123.3994140625
732,1159.2808837890625
733,1125.5087890625
734,1113.501953125
735,1110.9984130859375
736,1122.9603271484375
737,1113.265380859375
738,1105.295654296875
739,1117.6783447265625
740,1122.914306640625
741,1134.8046875
742,1156.8953857421875
743,1118.44580078125
744,1121.607177734375
745,1108.14501953125
746,1102.890869140625
747,1113.424560546875
748,1118.47509765625
749,1108.3306884765625
750,1095.435791015625
751,1127.127685546875
752,1159.93994140625
753,1129.9959716796875
754,1112.3973388671875
755,1107.4698486328125
756,1110.718505859375
757,1121.19091796875
758,1097.112548828125
759,1101.6832275390625
760,1114.991943359375
761,1118.1514892578125
762,1109.209716796875
763,1104.1787109375
764,1110.7308349609375
765,1121.4931640625
766,1123.9608154296875
767,1118.9588623046875
768,1110.0999755859375
769,1108.4598388671875
770,1122.858154296875
771,1128.733642578125
772,1123.5242919921875
773,1116.94287109375
774,1111.822265625
775,1110.8782958984375
776,1108.7789306640625
777,1125.896728515625
778,1113.4354248046875
779,1089.507568359375
780,1082.926025390625
781,1104.8116455078125
782,1132.0595703125
783,1100.161865234375
784,1120.4212646484375
785,1113.174072265625
786,1098.8787841796875
787,1111.202392578125
788,1128.9119873046875
789,1124.161865234375
790,1117.841064453125
791,1115.9954833984375
792,1109.750732421875
793,1124.4560546875
794,1114.3719482421875
795,1112.6708984375
796,1125.7515869140625
797,1122.1270751953125
798,1098.520751953125
799,1101.6302490234375
800,1103.4197998046875
801,1102.5867919921875
802,1107.3946533203125
803,1104.1500244140625
804,1094.667724609375
805,1101.748779296875
806,1076.292724609375
807,1108.537109375
808,1097.950927734375
809,1124.3431396484375
810,1129.48291015625
811,1106.0228271484375
812,1110.6527099609375
813,1121.1697998046875
814,1100.2230224609375
815,1094.3060302734375
816,1115.11328125
817,1118.6644287109375
818,1107.2086181640625
819,1108.3841552734375
820,1116.3443603515625
821,1130.552001953125
822,1125.96728515625
823,1097.1295166015625
824,1112.130615234375
825,1126.49462890625
826,1098.945556640625
827,1106.47509765625
828,1117.750732421875
829,1107.4666748046875
830,1122.38427734375
831,1120.0166015625
832,1110.4888916015625
833,1117.7418212890625
834,1127.7357177734375
835,1116.556884765625
836,1112.587158203125
837,1110.3057861328125
838,1101.7652587890625
839,1099.501953125
840,1109.4232177734375
841,1106.1641845703125
842,1080.7091064453125
843,1082.8385009765625
844,1102.685302734375
845,1123.0247802734375
846,1126.7523193359375
847,1110.426513671875
848,1096.3232421875
849,1113.3623046875
850,1103.678466796875
