329.59,199.1996
330.44,187.5932
331.28,199.1996
332.13,183.8505
332.98,191.9498
333.83,181.3914
334.68,189.2084
335.53,181.7961
336.38,193.9292
337.23,183.2123
338.08,189.1782
338.94, 185.015
339.79,195.7423
340.65,198.1035
341.50,190.1122
342.36,186.0413
343.21,202.3283
344.07,192.3708
344.93,212.3233
345.79,189.7673
346.65,204.0604
347.51,190.3276
348.37,191.4233
349.23,200.1782
350.10,201.1916
350.96,196.5573
351.82,207.7403
352.69,200.0756
353.55, 200.455
354.42,186.6465
355.29,200.6468
356.16, 214.202
357.02,210.8517
357.89,219.2221
358.76,211.7104
359.63,192.2783
360.50,212.8301
361.38,204.1519
362.25,207.2967
363.12, 222.209
364.00,  215.53
364.87,194.4749
365.75,230.5112
366.62,211.7424
367.50,226.9798
368.38,222.5311
369.26, 223.314
370.14,221.1192
371.02,222.9146
371.90,220.1087
372.78,209.6976
373.66,226.3557
374.54,236.9133
375.43,204.9315
376.31,241.0286
377.20,219.1887
378.08,238.3985
378.97,221.9284
379.86,229.8814
380.74,240.4704
381.63,247.1409
382.52,245.0071
383.41,247.1542
384.30,246.7174
385.19,252.1552
386.09,254.6771
386.98,246.2107
387.87,266.8904
388.77,259.1021
389.66,259.5711
390.56,276.1908
391.45,266.9156
392.35, 270.302
393.25,264.4805
394.15,274.2108
395.05,263.9377
395.95, 272.776
396.85,289.4799
397.75,275.8866
398.65,271.1301
399.55, 291.222
400.46,300.4965
401.36,309.6721
402.27,296.8197
403.17,295.3481
404.08,288.9066
404.98,311.2345
405.89,307.8035
406.80, 306.566
407.71,313.3334
408.62,339.2245
409.53, 309.139
410.44,321.3976
411.35,331.9167
412.27,348.5818
413.18,343.0616
414.09,355.9428
415.01, 348.869
415.92,366.4696
416.84,352.7419
417.76,371.2153
418.68,361.7644
419.59,391.5522
420.51,384.4176
421.43,399.6884
422.35,401.2069
423.28,429.4858
424.20,426.8685
425.12,461.8046
426.04,  474.25
426.97,501.2679
427.89, 512.195
428.82,535.7822
429.74,573.3629
430.67,608.9924
431.60,627.3856
432.53,658.8063
433.46, 698.236
434.39,751.0933
435.32,782.7402
436.25,833.7045
437.18,876.9364
438.11,953.1534
439.04,1014.955
439.98,1090.094
440.91,1166.714
441.85, 1241.17
442.78,1339.818
443.72,1439.675
444.66,1539.414
445.60,1659.586
446.54,1782.416
447.47,1929.868
448.41,2078.348
449.36,2222.884
450.30,2363.964
451.24,2533.735
452.18,2651.879
453.13,2794.005
454.07,2916.799
455.02, 3039.74
455.96,3137.691
456.91,3244.087
457.86,3352.252
458.80,3446.493
459.75,3503.273
460.70,3598.316
461.65,3614.486
462.60,3619.506
463.55, 3664.57
464.50,3715.484
465.46,3749.482
466.41,3811.098
467.36,3885.591
468.32,3994.989
469.28,4053.337
470.23,4210.832
471.19,4272.856
472.15,4392.596
473.10,4498.691
474.06,4610.725
475.02,4721.566
475.98,4857.907
476.94,4967.539
477.91,5142.917
478.87,5281.292
479.83,5527.013
480.79,5686.096
481.76,5933.935
482.72,6147.276
483.69,6466.133
484.66,6795.969
485.62, 7159.79
486.59,7511.404
487.56,7845.088
488.53,8127.744
489.50,8453.747
490.47,8766.854
491.44,9159.854
492.41,9490.513
493.38,9840.351
494.36,10202.09
495.33,10647.15
496.31,10990.58
497.28, 11445.6
498.26, 11895.8
499.23,12227.94
500.21,12677.23
501.19,13024.83
502.17,13468.17
503.15,13818.32
504.13, 14168.6
505.11,14464.32
506.09,14805.59
507.07,15117.84
508.06,15342.28
509.04, 15597.1
510.02,15907.45
511.01,16081.76
511.99,16378.74
512.98,16585.22
513.97,16866.12
514.95, 17147.3
515.94,17346.61
516.93,17614.88
517.92,17807.35
518.91,18100.25
519.90,18243.95
520.89,18535.24
521.88,18706.53
522.88,18859.71
523.87, 19109.3
524.86,   19284
525.86, 19487.1
526.85,19628.26
527.85,19924.04
528.85,20136.88
529.84,20401.92
530.84,20709.55
531.84,20910.46
532.84,21258.35
533.84,21606.23
534.84,21935.78
535.84,22246.92
536.85,22722.78
537.85,23052.52
538.85,23512.89
539.86,23915.82
540.86,24445.01
541.87,24801.24
542.87,25242.82
543.88,25588.38
544.89,25855.64
545.89,26185.33
546.90,26524.38
547.91,26800.84
548.92,   27212
549.93,27741.81
550.94,28198.48
551.96,28874.43
552.97,29433.26
553.98,   30002
554.99,30520.89
556.01, 31156.2
557.02,31628.51
558.04,32232.72
559.06,32971.33
560.07,33728.46
561.09,34491.59
562.11,35428.94
563.13,36136.69
564.15,37086.98
565.17,37883.44
566.19,38790.39
567.21,39506.82
568.23,40211.84
569.26,41066.92
570.28,41861.78
571.30,42793.86
572.33, 43704.2
573.36,44548.41
574.38,45324.47
575.41, 46151.6
576.44,46898.97
577.46,47678.88
578.49,48440.25
579.52,49336.25
580.55,50234.36
581.58,51209.45
582.61,52046.13
583.64,53018.11
584.68,53909.34
585.71,54874.02
586.74,55698.11
587.78,56649.53
588.81,57450.52
589.85,58330.09
590.89,59172.95
591.92,59662.22
592.96,60325.43
594.00,61017.15
595.04,61538.66
596.08,62071.75
597.12,62319.71
598.16,62548.57
599.20,62673.81
600.24,62854.52
601.28,62998.61
602.33,62933.14
603.37,62954.48
604.41,62870.27
605.46,62762.88
606.51, 62662.9
607.55,62546.83
608.60,62405.03
609.65,62417.18
610.69,62193.73
611.74, 61991.9
612.79,61901.55
613.84,61667.85
614.89,61396.62
615.94,60351.32
617.00,59864.79
618.05,60202.01
619.10,59758.36
620.16,59081.56
621.21,58733.06
622.26, 57986.3
623.32,57388.96
624.38,56589.74
625.43, 55753.1
626.49,54827.25
627.55,54049.98
628.61,53007.59
629.67,52187.98
630.73,51261.06
631.79,50393.23
632.85,49617.73
633.91,48833.09
634.97,47962.95
636.03,47125.56
637.10,46384.31
638.16,45712.98
639.23,44864.77
640.29,44057.96
641.36,43287.26
642.42,42553.21
643.49,41715.74
644.56,41075.02
645.63, 40295.4
646.70,39542.71
647.77,38759.56
648.84,37825.41
649.91,37035.29
650.98,36284.61
652.05,35342.48
653.12,34532.27
654.20, 33788.3
655.27,32984.18
656.34,32206.94
657.42,31470.46
658.49,30637.84
659.57,29905.69
660.65,29041.82
661.72,28194.42
662.80,27402.51
663.88,26637.61
664.96, 25847.5
666.04,25114.56
667.12,24375.99
668.20,23759.23
669.28,23054.59
670.36,22428.16
671.44,21778.29
672.53,21148.04
673.61,20536.54
674.70,20003.01
675.78,19448.65
676.87,18922.01
677.95,18392.82
679.04,17922.68
680.13,17444.32
681.21,17001.41
682.30,16520.73
683.39,16091.78
684.48,15601.05
685.57, 15159.3
686.66,14756.28
687.75,14319.24
688.84,13865.15
689.94,13468.59
691.03,13083.93
692.12,12715.91
693.22,12369.37
694.31,11992.61
695.41,11638.54
696.50,11289.66
697.60, 10909.7
698.70, 10600.4
699.79,10253.66
700.89,9931.102
701.99,9565.339
703.09,9253.824
704.19,9002.813
705.29,8685.391
706.39,8423.381
707.49,8129.627
708.59,7867.535
709.70,7618.767
710.80,7334.719
711.90,7097.021
713.01,6881.774
714.11,6666.949
715.22,6420.318
716.32,6220.667
717.43,6018.612
718.54,5800.021
719.64,5599.778
720.75,5430.113
721.86,5238.622
722.97,5067.104
724.08,4888.143
725.19,4721.252
726.30,4541.119
727.41,4414.451
728.52,4252.379
729.64,4102.372
730.75,3925.898
731.86,3817.158
732.98,3650.781
734.09,3535.074
735.21,3410.651
736.32,3279.501
737.44,3147.663
738.56,3008.782
739.67,2902.565
740.79,2809.512
741.91,2701.592
743.03,2616.656
744.15,2509.418
745.27,2404.116
746.39,2317.351
747.51,2224.604
748.63,2148.069
749.76,2083.727
750.88, 1993.87
752.00,1925.071
753.13,1858.385
754.25,1806.573
755.37,1742.346
756.50,1673.708
757.63,1607.948
758.75,1551.154
759.88,1493.818
761.01,1438.694
762.14, 1392.23
763.26,1362.986
764.39,1306.139
765.52,1267.323
766.65,1183.217
767.78,1172.158
768.92,1142.287
770.05,1107.882
771.18,1047.988
772.31,1017.503
773.45,992.7114
774.58,958.7612
775.72,915.3984
776.85,898.6702
777.99,862.0478
779.12,831.0204
780.26,803.9439
781.40,776.6702
782.53,754.9003
783.67,734.1044
784.81,701.0847
785.95,679.9958
787.09,663.3682
788.23,663.9053
789.37,637.0759
790.51,624.6194
791.65,588.1161
792.79,581.7871
793.94,550.0844
795.08,540.6536
796.22, 520.681
797.37,512.1109
798.51,511.7336
799.66,497.3968
800.80,463.7112
801.95,469.3927
803.10,465.2671
804.24,444.2117
805.39,448.2234
806.54,450.6854
807.69,429.9721
808.84,421.1236
809.99,394.2733
811.14,396.0391
812.29,390.3798
813.44,374.7843
814.59,364.2263
815.75,378.3545
816.90,344.4589
818.05,351.3563
819.21,349.9844
820.36,353.1514
821.51,336.8105
822.67,330.1103
823.83,345.4392
824.98, 341.642
826.14,328.6767
827.30,315.3889
828.45,299.7425
829.61,300.5518
830.77,307.7039
831.93,310.8215
833.09,293.5156
834.25,293.6955
835.41,298.7645
836.57,300.3425
837.73, 270.525
838.89,278.7837
840.06,273.8083
841.22,285.4449
842.38,269.0192
843.55,272.0298
844.71,263.0743
845.88,267.8573
847.04,249.3887
848.21,253.7319
849.38,268.4735
850.54,268.4735
